63,6
63,5
63,4
63,3
63,2
0,528
63,1
63,0
0,527
62,4
62,3
62,2
62,1
62,0
61,3
61,2
61,1
61,0
60,6
0,526
60,5
0,525
0,524
0,523
0,522
0,521
60,4
60,3
60,2
60,1
60,0
59,3
59,2
59,1
59,0
58,3
58,2
58,1
58,0
57,5
57,4
57,3
57,2
57,1
57,0
56,5
56,4
56,3
56,2
56,1
56,0
55,4
55,3
55,2
55,1
55,0
54,3
54,2
54,1
54,0
53,4
53,3
53,2
53,1
53,0
52,3
52,2
52,1
52,0
0,520
0,519
0,518
0,517
0,516
0,515
0,514
0,513
0,512
0,511
0,510
0,509
0,508
0,507
0,506
51,6
0,505
0,504
0,503
0,502
0,501
0,500
51,5
51,4
51,3
51,2
51,1
51,0
50,4
50,3
50,2
50,1
50,0
49,3
49,2
49,1
49,0
48,6
48,5
48,4
48,3
48,2
48,1
48,0
47,3
47,2
47,1
47,0
46,3
46,2
0,499
46,1
46,0
0,498
0,497
45,5
0,496
45,4
0,495
0,494
45,3
45,2
0,493
45,1
45,0
0,492
44,5
0,491
0,490
44,4
0,489
0,488
44,3
44,2
0,487
44,1
44,0
0,486
43,4
43,3
43,2
43,1
43,0
0,485
0,484
0,483
42,3
